1464887310.9830980301,00000
1464887311.0138077736,00001
1464887311.0479397774,00002
1464887311.0805079937,00003
1464887311.1137864590,00004
1464887311.1507635117,00005
1464887311.1812825203,00006
1464887311.2138462067,00007
1464887311.2472403049,00008
1464887311.2835745811,00009
1464887311.3161664009,00010
1464887311.3471992016,00011
1464887311.3806700706,00012
1464887311.4139218330,00013
1464887311.4471788406,00014
1464887311.4831871986,00015
1464887311.5139379501,00016
1464887311.5473303795,00017
1464887311.5807926655,00018
1464887311.6140458584,00019
1464887311.6505548954,00020
1464887311.6806716919,00021
1464887311.7139916420,00022
1464887311.7473115921,00023
1464887311.7822656631,00024
1464887311.8165276051,00025
1464887311.8473441601,00026
1464887311.8806691170,00027
1464887311.9140508175,00028
1464887311.9473235607,00029
1464887311.9830894470,00030
1464887312.0140941143,00031
1464887312.0473952293,00032
1464887312.0807700157,00033
1464887312.1140787601,00034
1464887312.1503801346,00035
1464887312.1807880402,00036
1464887312.2142517567,00037
1464887312.2475090027,00038
1464887312.2809262276,00039
1464887312.3168172836,00040
1464887312.3474853039,00041
1464887312.3808281422,00042
1464887312.4142422676,00043
1464887312.4475293159,00044
1464887312.4830875397,00045
1464887312.5141408443,00046
1464887312.5476303101,00047
1464887312.5809178352,00048
1464887312.6142458916,00049
1464887312.6499562263,00050
1464887312.6808257103,00051
1464887312.7143511772,00052
1464887312.7476236820,00053
1464887312.7808876038,00054
1464887312.8143196106,00055
1464887312.8475704193,00056
1464887312.8810460567,00057
1464887312.9143121243,00058
1464887312.9476413727,00059
1464887312.9837324619,00060
1464887313.0143797398,00061
1464887313.0477149487,00062
1464887313.0810382366,00063
1464887313.1143853664,00064
1464887313.1505796909,00065
1464887313.1813876629,00066
1464887313.2146103382,00067
1464887313.2478053570,00068
1464887313.2811419964,00069
1464887313.3173062801,00070
1464887313.3478014469,00071
1464887313.3811359406,00072
1464887313.4148280621,00073
1464887313.4491364956,00074
1464887313.4835970402,00075
1464887313.5144922733,00076
1464887313.5478703976,00077
1464887313.5812077522,00078
1464887313.6146006584,00079
1464887313.6504011154,00080
1464887313.6813230515,00081
1464887313.7149345875,00082
1464887313.7487785816,00083
1464887313.7812621593,00084
1464887313.8170328140,00085
1464887313.8479256630,00086
1464887313.8813118935,00087
1464887313.9157214165,00088
1464887313.9479758739,00089
1464887313.9837436676,00090
1464887314.0145933628,00091
1464887314.0480027199,00092
1464887314.0813910961,00093
1464887314.1147577763,00094
1464887314.1505622864,00095
1464887314.1814441681,00096
1464887314.2153096199,00097
1464887314.2481646538,00098
1464887314.2814390659,00099
1464887314.3178043365,00100
1464887314.3480625153,00101
1464887314.3815145493,00102
1464887314.4148442745,00103
1464887314.4481477737,00104
1464887314.4843752384,00105
1464887314.5148446560,00106
1464887314.5481927395,00107
1464887314.5815782547,00108
1464887314.6149053574,00109
1464887314.6537468433,00110
1464887314.6828362942,00111
1464887314.7153298855,00112
1464887314.7482378483,00113
1464887314.7815134525,00114
1464887314.8149201870,00115
1464887314.8482491970,00116
1464887314.8816287518,00117
1464887314.9149587154,00118
1464887314.9483764172,00119
1464887314.9815773964,00120
1464887315.0148630142,00121
1464887315.0482754707,00122
1464887315.0816130638,00123
1464887315.1149973869,00124
1464887315.1507580280,00125
1464887315.1817214489,00126
1464887315.2148780823,00127
1464887315.2483994961,00128
1464887315.2817702293,00129
1464887315.3175137043,00130
1464887315.3484137058,00131
1464887315.3843796253,00132
1464887315.4150290489,00133
1464887315.4511044025,00134
1464887315.4846527576,00135
1464887315.5151534081,00136
1464887315.5484762192,00137
1464887315.5818684101,00138
1464887315.6153023243,00139
1464887315.6511764526,00140
1464887315.6818196774,00141
1464887315.7151370049,00142
1464887315.7485604286,00143
1464887315.7819209099,00144
1464887315.8180277348,00145
1464887315.8492352962,00146
1464887315.8818876743,00147
1464887315.9152824879,00148
1464887315.9485723972,00149
1464887315.9845695496,00150
1464887316.0152032375,00151
1464887316.0485985279,00152
1464887316.0818722248,00153
1464887316.1152651310,00154
1464887316.1515443325,00155
1464887316.1819126606,00156
1464887316.2151582241,00157
1464887316.2486779690,00158
1464887316.2820453644,00159
1464887316.3153939247,00160
1464887316.3490316868,00161
1464887316.3820006847,00162
1464887316.4160695076,00163
1464887316.4487679005,00164
1464887316.4820973873,00165
1464887316.5154070854,00166
1464887316.5488276482,00167
1464887316.5821864605,00168
1464887316.6154839993,00169
1464887316.6513559818,00170
1464887316.6822197437,00171
1464887316.7154905796,00172
1464887316.7488436699,00173
1464887316.7835583687,00174
1464887316.8154265881,00175
1464887316.8487660885,00176
1464887316.8824412823,00177
1464887316.9154706001,00178
1464887316.9488520622,00179
1464887316.9821841717,00180
1464887317.0154359341,00181
1464887317.0489709377,00182
1464887317.0823142529,00183
1464887317.1156060696,00184
1464887317.1488606930,00185
1464887317.1823792458,00186
1464887317.2158567905,00187
1464887317.2489745617,00188
1464887317.2825217247,00189
1464887317.3162589073,00190
1464887317.3489789963,00191
1464887317.3825609684,00192
1464887317.4160685539,00193
1464887317.4490380287,00194
1464887317.4850926399,00195
1464887317.5157241821,00196
1464887317.5490658283,00197
1464887317.5824797153,00198
1464887317.6157696247,00199
1464887317.6516742706,00200
1464887317.6824796200,00201
1464887317.7157557011,00202
1464887317.7490975857,00203
1464887317.7825939655,00204
1464887317.8185679913,00205
1464887317.8491926193,00206
1464887317.8825607300,00207
1464887317.9158372879,00208
1464887317.9492027760,00209
1464887317.9850845337,00210
1464887318.0158431530,00211
1464887318.0491397381,00212
1464887318.0825204849,00213
1464887318.1159069538,00214
1464887318.1522142887,00215
1464887318.1826546192,00216
1464887318.2157485485,00217
1464887318.2491831779,00218
1464887318.2831602097,00219
1464887318.3187508583,00220
1464887318.3492348194,00221
1464887318.3826897144,00222
1464887318.4158689976,00223
1464887318.4492504597,00224
1464887318.4847273827,00225
1464887318.5160253048,00226
1464887318.5494117737,00227
1464887318.5826988220,00228
1464887318.6160175800,00229
1464887318.6517016888,00230
1464887318.6827573776,00231
1464887318.7161793709,00232
1464887318.7494611740,00233
1464887318.7827849388,00234
1464887318.8186686039,00235
1464887318.8494586945,00236
1464887318.8832235336,00237
1464887318.9161489010,00238
1464887318.9495148659,00239
1464887318.9828178883,00240
1464887319.0161693096,00241
1464887319.0494019985,00242
1464887319.0828778744,00243
1464887319.1161992550,00244
1464887319.1520929337,00245
1464887319.1829023361,00246
1464887319.2161026001,00247
1464887319.2500605583,00248
1464887319.2828965187,00249
1464887319.3180596828,00250
1464887319.3496899605,00251
1464887319.3829917908,00252
1464887319.4163432121,00253
1464887319.4497008324,00254
1464887319.4860095978,00255
1464887319.5163424015,00256
1464887319.5496845245,00257
1464887319.5830128193,00258
1464887319.6163954735,00259
1464887319.6536912918,00260
1464887319.6834928989,00261
1464887319.7167479992,00262
1464887319.7497298717,00263
1464887319.7830867767,00264
1464887319.8193349838,00265
1464887319.8506104946,00266
1464887319.8835070133,00267
1464887319.9168696404,00268
1464887319.9497361183,00269
1464887319.9831595421,00270
1464887320.0165019035,00271
1464887320.0496807098,00272
1464887320.0837116241,00273
1464887320.1166923046,00274
1464887320.1525189877,00275
1464887320.1831984520,00276
1464887320.2164001465,00277
1464887320.2498033047,00278
1464887320.2832250595,00279
1464887320.3190636635,00280
1464887320.3498864174,00281
1464887320.3832418919,00282
1464887320.4165968895,00283
1464887320.4523258209,00284
1464887320.4855039120,00285
1464887320.5166037083,00286
1464887320.5499753952,00287
1464887320.5832982063,00288
1464887320.6166567802,00289
1464887320.6525948048,00290
1464887320.6833028793,00291
1464887320.7166881561,00292
1464887320.7500340939,00293
1464887320.7834031582,00294
1464887320.8195431232,00295
1464887320.8500688076,00296
1464887320.8834216595,00297
1464887320.9167540073,00298
1464887320.9501187801,00299
1464887320.9860496521,00300
1464887321.0168142319,00301
1464887321.0501091480,00302
1464887321.0833821297,00303
1464887321.1168067455,00304
1464887321.1501448154,00305
1464887321.1834759712,00306
1464887321.2167294025,00307
1464887321.2500820160,00308
1464887321.2836318016,00309
1464887321.3168525696,00310
1464887321.3503916264,00311
1464887321.3834848404,00312
1464887321.4168417454,00313
1464887321.4504621029,00314
1464887321.4852654934,00315
1464887321.5169413090,00316
1464887321.5532751083,00317
1464887321.5835421085,00318
1464887321.6169712543,00319
1464887321.6505839825,00320
1464887321.6836154461,00321
1464887321.7170317173,00322
1464887321.7503519058,00323
1464887321.7837085724,00324
1464887321.8171212673,00325
1464887321.8506846428,00326
1464887321.8836259842,00327
1464887321.9170689583,00328
1464887321.9505000114,00329
1464887321.9836642742,00330
1464887322.0171239376,00331
1464887322.0504996777,00332
1464887322.0836579800,00333
1464887322.1171171665,00334
1464887322.1534061432,00335
1464887322.1838557720,00336
1464887322.2170279026,00337
1464887322.2506849766,00338
1464887322.2838840485,00339
1464887322.3193538189,00340
1464887322.3505775928,00341
1464887322.3839154243,00342
1464887322.4171862602,00343
1464887322.4506008625,00344
1464887322.4838399887,00345
1464887322.5171654224,00346
1464887322.5506458282,00347
1464887322.5839917660,00348
1464887322.6172850132,00349
1464887322.6511607170,00350
1464887322.6840581894,00351
1464887322.7173230648,00352
1464887322.7510125637,00353
1464887322.7840161324,00354
1464887322.8201508522,00355
1464887322.8506176472,00356
1464887322.8840403557,00357
1464887322.9174048901,00358
1464887322.9509520531,00359
1464887322.9866204262,00360
1464887323.0173544884,00361
1464887323.0507791042,00362
1464887323.0839147568,00363
1464887323.1173770428,00364
1464887323.1536340714,00365
1464887323.1840653419,00366
1464887323.2204356194,00367
1464887323.2528007030,00368
1464887323.2845966816,00369
1464887323.3191826344,00370
1464887323.3507494926,00371
1464887323.3841576576,00372
1464887323.4175271988,00373
1464887323.4515485764,00374
1464887323.4866552353,00375
1464887323.5175292492,00376
1464887323.5509696007,00377
1464887323.5842325687,00378
1464887323.6176006794,00379
1464887323.6536066532,00380
1464887323.6842894554,00381
1464887323.7175793648,00382
1464887323.7509300709,00383
1464887323.7842793465,00384
1464887323.8178772926,00385
1464887323.8514146805,00386
1464887323.8842697144,00387
1464887323.9175872803,00388
1464887323.9509093761,00389
1464887323.9843080044,00390
1464887324.0176117420,00391
1464887324.0509562492,00392
1464887324.0841889381,00393
1464887324.1176068783,00394
1464887324.1510083675,00395
1464887324.1843729019,00396
1464887324.2180480957,00397
1464887324.2510359287,00398
1464887324.2843680382,00399
1464887324.3186502457,00400
1464887324.3515744209,00401
1464887324.3848800659,00402
1464887324.4177322388,00403
1464887324.4510715008,00404
1464887324.4843630791,00405
1464887324.5216319561,00406
1464887324.5512022972,00407
1464887324.5845041275,00408
1464887324.6177909374,00409
1464887324.6511049271,00410
1464887324.6845607758,00411
1464887324.7178225517,00412
1464887324.7512311935,00413
1464887324.7846133709,00414
1464887324.8179371357,00415
1464887324.8512647152,00416
1464887324.8846092224,00417
1464887324.9179444313,00418
1464887324.9513227940,00419
1464887324.9847025871,00420
1464887325.0185084343,00421
1464887325.0513420105,00422
1464887325.0845789909,00423
1464887325.1180365086,00424
1464887325.1513841152,00425
1464887325.1847033501,00426
1464887325.2180573940,00427
1464887325.2514019012,00428
1464887325.2853171825,00429
1464887325.3180677891,00430
1464887325.3513777256,00431
1464887325.3847930431,00432
1464887325.4181456566,00433
1464887325.4514477253,00434
1464887325.4847803116,00435
1464887325.5181415081,00436
1464887325.5514245033,00437
1464887325.5848023891,00438
1464887325.6184790134,00439
1464887325.6514298916,00440
1464887325.6848683357,00441
1464887325.7182049751,00442
1464887325.7516219616,00443
1464887325.7848460674,00444
1464887325.8182094097,00445
1464887325.8516035080,00446
1464887325.8849825859,00447
1464887325.9183564186,00448
1464887325.9516510963,00449
1464887325.9849746227,00450
1464887326.0181875229,00451
1464887326.0517013073,00452
1464887326.0849895477,00453
1464887326.1181337833,00454
1464887326.1516790390,00455
1464887326.1849913597,00456
1464887326.2183921337,00457
1464887326.2542769909,00458
1464887326.2850110531,00459
1464887326.3204863071,00460
1464887326.3516993523,00461
1464887326.3854150772,00462
1464887326.4184484482,00463
1464887326.4517591000,00464
1464887326.4878671169,00465
1464887326.5184426308,00466
1464887326.5522506237,00467
1464887326.5850877762,00468
1464887326.6184439659,00469
1464887326.6543631554,00470
1464887326.6851935387,00471
1464887326.7185175419,00472
1464887326.7518930435,00473
1464887326.7851648331,00474
1464887326.8210797310,00475
1464887326.8518927097,00476
1464887326.8851957321,00477
1464887326.9186112881,00478
1464887326.9519033432,00479
1464887326.9880745411,00480
1464887327.0186111927,00481
1464887327.0519664288,00482
1464887327.0853657722,00483
1464887327.1189899445,00484
1464887327.1541559696,00485
1464887327.1853227615,00486
1464887327.2186436653,00487
1464887327.2519986629,00488
1464887327.2852852345,00489
1464887327.3186354637,00490
1464887327.3519532681,00491
1464887327.3853595257,00492
1464887327.4187552929,00493
1464887327.4520089626,00494
1464887327.4853806496,00495
1464887327.5186471939,00496
1464887327.5521209240,00497
1464887327.5869531631,00498
1464887327.6187562943,00499
1464887327.6521964073,00500
1464887327.6863884926,00501
1464887327.7188622952,00502
1464887327.7520728111,00503
1464887327.7855131626,00504
1464887327.8188219070,00505
1464887327.8524789810,00506
1464887327.8855443001,00507
1464887327.9203941822,00508
1464887327.9521894455,00509
1464887327.9855475426,00510
1464887328.0188710690,00511
1464887328.0522301197,00512
1464887328.0855543613,00513
1464887328.1187915802,00514
1464887328.1522307396,00515
1464887328.1859123707,00516
1464887328.2200250626,00517
1464887328.2523295879,00518
1464887328.2856698036,00519
1464887328.3222520351,00520
1464887328.3523015976,00521
1464887328.3856620789,00522
1464887328.4190165997,00523
1464887328.4523594379,00524
1464887328.4879515171,00525
1464887328.5190899372,00526
1464887328.5523715019,00527
1464887328.5859427452,00528
1464887328.6195428371,00529
1464887328.6553771496,00530
1464887328.6857314110,00531
1464887328.7195215225,00532
1464887328.7524063587,00533
1464887328.7857820988,00534
1464887328.8222770691,00535
1464887328.8524236679,00536
1464887328.8858089447,00537
1464887328.9191620350,00538
1464887328.9525203705,00539
1464887328.9858717918,00540
1464887329.0191204548,00541
1464887329.0527045727,00542
1464887329.0858740807,00543
1464887329.1190054417,00544
1464887329.1525914669,00545
1464887329.1859261990,00546
1464887329.2192482948,00547
1464887329.2526063919,00548
1464887329.2859492302,00549
1464887329.3219499588,00550
1464887329.3525447845,00551
1464887329.3859212399,00552
1464887329.4193632603,00553
1464887329.4526841640,00554
1464887329.4892258644,00555
1464887329.5193958282,00556
1464887329.5526826382,00557
1464887329.5860991478,00558
1464887329.6193761826,00559
1464887329.6552400589,00560
1464887329.6860797405,00561
1464887329.7194156647,00562
1464887329.7527520657,00563
1464887329.7860922813,00564
1464887329.8233678341,00565
1464887329.8526778221,00566
1464887329.8860757351,00567
1464887329.9194290638,00568
1464887329.9527096748,00569
1464887329.9889907837,00570
1464887330.0195848942,00571
1464887330.0528028011,00572
1464887330.0861339569,00573
1464887330.1197044849,00574
1464887330.1531579494,00575
1464887330.1872284412,00576
1464887330.2195315361,00577
1464887330.2535026073,00578
1464887330.2861876488,00579
1464887330.3223018646,00580
1464887330.3529489040,00581
1464887330.3863079548,00582
1464887330.4195981026,00583
1464887330.4529135227,00584
1464887330.4895181656,00585
1464887330.5196504593,00586
1464887330.5529332161,00587
1464887330.5862975121,00588
1464887330.6230049133,00589
1464887330.6556277275,00590
1464887330.6863842010,00591
1464887330.7196810246,00592
1464887330.7530169487,00593
1464887330.7864327431,00594
1464887330.8228647709,00595
1464887330.8530406952,00596
1464887330.8864443302,00597
1464887330.9197874069,00598
1464887330.9530243874,00599
1464887330.9892761707,00600
1464887331.0197317600,00601
1464887331.0531625748,00602
1464887331.0864522457,00603
1464887331.1198019981,00604
1464887331.1530385017,00605
1464887331.1865446568,00606
1464887331.2209372520,00607
1464887331.2531974316,00608
1464887331.2865862846,00609
1464887331.3229193687,00610
1464887331.3531057835,00611
1464887331.3869719505,00612
1464887331.4198417664,00613
1464887331.4532165527,00614
1464887331.4865593910,00615
1464887331.5199565887,00616
1464887331.5531959534,00617
1464887331.5868828297,00618
1464887331.6198980808,00619
1464887331.6532416344,00620
1464887331.6865975857,00621
1464887331.7200531960,00622
1464887331.7532913685,00623
1464887331.7866137028,00624
1464887331.8199336529,00625
1464887331.8533515930,00626
1464887331.8867132664,00627
1464887331.9200124741,00628
1464887331.9534087181,00629
1464887331.9867668152,00630
1464887332.0200273991,00631
1464887332.0534434319,00632
1464887332.0868248940,00633
1464887332.1201145649,00634
1464887332.1532752514,00635
1464887332.1867957115,00636
1464887332.2200338840,00637
1464887332.2535529137,00638
1464887332.2868769169,00639
1464887332.3201293945,00640
1464887332.3535103798,00641
1464887332.3869223595,00642
1464887332.4202973843,00643
1464887332.4536142349,00644
1464887332.4868419170,00645
1464887332.5202448368,00646
1464887332.5535683632,00647
1464887332.5882234573,00648
1464887332.6203720570,00649
1464887332.6535975933,00650
1464887332.6881749630,00651
1464887332.7202036381,00652
1464887332.7535986900,00653
1464887332.7873387337,00654
1464887332.8226549625,00655
1464887332.8539195061,00656
1464887332.8869733810,00657
1464887332.9203741550,00658
1464887332.9536297321,00659
1464887332.9892666340,00660
1464887333.0203073025,00661
1464887333.0539667606,00662
1464887333.0869898796,00663
1464887333.1207017899,00664
1464887333.1557626724,00665
1464887333.1872091293,00666
1464887333.2203550339,00667
1464887333.2537393570,00668
1464887333.2873880863,00669
1464887333.3226280212,00670
1464887333.3541145325,00671
1464887333.3871016502,00672
1464887333.4204137325,00673
1464887333.4540772438,00674
1464887333.4871327877,00675
1464887333.5204701424,00676
1464887333.5538213253,00677
1464887333.5871396065,00678
1464887333.6204774380,00679
1464887333.6538670063,00680
1464887333.6871926785,00681
1464887333.7205297947,00682
1464887333.7539024353,00683
1464887333.7876057625,00684
1464887333.8205890656,00685
1464887333.8538925648,00686
1464887333.8877518177,00687
1464887333.9205458164,00688
1464887333.9540345669,00689
1464887333.9896082878,00690
1464887334.0206394196,00691
1464887334.0540199280,00692
1464887334.0873248577,00693
1464887334.1207520962,00694
1464887334.1559283733,00695
1464887334.1873466969,00696
1464887334.2206404209,00697
1464887334.2540559769,00698
1464887334.2874310017,00699
1464887334.3207755089,00700
1464887334.3543446064,00701
1464887334.3874766827,00702
1464887334.4207937717,00703
1464887334.4541363716,00704
1464887334.4874918461,00705
1464887334.5208342075,00706
1464887334.5541508198,00707
1464887334.5875506401,00708
1464887334.6208999157,00709
1464887334.6541807652,00710
1464887334.6874957085,00711
1464887334.7208480835,00712
1464887334.7542352676,00713
1464887334.7875175476,00714
1464887334.8209633827,00715
1464887334.8545882702,00716
1464887334.8876020908,00717
1464887334.9209189415,00718
1464887334.9542973042,00719
1464887334.9876344204,00720
1464887335.0209872723,00721
1464887335.0545475483,00722
1464887335.0877490044,00723
1464887335.1210057735,00724
1464887335.1544389725,00725
1464887335.1875944138,00726
1464887335.2210242748,00727
1464887335.2544267178,00728
1464887335.2877516747,00729
1464887335.3209693432,00730
1464887335.3543465137,00731
1464887335.3876693249,00732
1464887335.4210214615,00733
1464887335.4545562267,00734
1464887335.4876933098,00735
1464887335.5210676193,00736
1464887335.5546610355,00737
1464887335.5878169537,00738
1464887335.6211636066,00739
1464887335.6545221806,00740
1464887335.6878654957,00741
1464887335.7242639065,00742
1464887335.7546548843,00743
1464887335.7881667614,00744
1464887335.8213903904,00745
1464887335.8545718193,00746
1464887335.8879072666,00747
1464887335.9212136269,00748
1464887335.9545629025,00749
1464887335.9879159927,00750
1464887336.0212936401,00751
1464887336.0550298691,00752
1464887336.0879616737,00753
1464887336.1213214397,00754
1464887336.1554961205,00755
1464887336.1882936954,00756
1464887336.2212646008,00757
1464887336.2547323704,00758
1464887336.2879981995,00759
1464887336.3213064671,00760
1464887336.3548069000,00761
1464887336.3881344795,00762
1464887336.4214844704,00763
1464887336.4558095932,00764
1464887336.4881262779,00765
1464887336.5214338303,00766
1464887336.5557532310,00767
1464887336.5881793499,00768
1464887336.6214721203,00769
1464887336.6553196907,00770
1464887336.6881422997,00771
1464887336.7213349342,00772
1464887336.7548418045,00773
1464887336.7881720066,00774
1464887336.8215172291,00775
1464887336.8548510075,00776
1464887336.8882064819,00777
1464887336.9214823246,00778
1464887336.9549322128,00779
1464887336.9882545471,00780
1464887337.0216116905,00781
1464887337.0549607277,00782
1464887337.0883026123,00783
1464887337.1215894222,00784
1464887337.1549108028,00785
1464887337.1881353855,00786
1464887337.2217056751,00787
1464887337.2566580772,00788
1464887337.2895956039,00789
1464887337.3244092464,00790
1464887337.3556468487,00791
1464887337.3882539272,00792
1464887337.4216816425,00793
1464887337.4549903870,00794
1464887337.4883368015,00795
1464887337.5218367577,00796
1464887337.5550620556,00797
1464887337.5884220600,00798
1464887337.6217837334,00799
1464887337.6580193043,00800
1464887337.6884629726,00801
1464887337.7217872143,00802
1464887337.7550561428,00803
1464887337.7883944511,00804
1464887337.8246037960,00805
1464887337.8550877571,00806
1464887337.8884148598,00807
1464887337.9218003750,00808
1464887337.9551584721,00809
1464887337.9910364151,00810
1464887338.0218486786,00811
1464887338.0552768707,00812
1464887338.0885672569,00813
1464887338.1219151020,00814
1464887338.1552376747,00815
1464887338.1885457039,00816
1464887338.2219054699,00817
1464887338.2552518845,00818
1464887338.2886228561,00819
1464887338.3243687153,00820
1464887338.3553881645,00821
1464887338.3886091709,00822
1464887338.4219353199,00823
1464887338.4553654194,00824
1464887338.4913740158,00825
1464887338.5220682621,00826
1464887338.5554237366,00827
1464887338.5886812210,00828
1464887338.6220831871,00829
1464887338.6580855846,00830
1464887338.6886487007,00831
1464887338.7220869064,00832
1464887338.7553641796,00833
1464887338.7887330055,00834
1464887338.8249304295,00835
1464887338.8554534912,00836
1464887338.8891470432,00837
1464887338.9222171307,00838
1464887338.9554846287,00839
1464887338.9915144444,00840
1464887339.0223624706,00841
1464887339.0561926365,00842
1464887339.0889303684,00843
1464887339.1221768856,00844
1464887339.1579127312,00845
1464887339.1889152527,00846
1464887339.2221121788,00847
1464887339.2554996014,00848
1464887339.2889287472,00849
1464887339.3222768307,00850
1464887339.3555252552,00851
1464887339.3889682293,00852
1464887339.4223225117,00853
1464887339.4556388855,00854
1464887339.4889860153,00855
1464887339.5223917961,00856
1464887339.5556375980,00857
1464887339.5890631676,00858
1464887339.6224348545,00859
1464887339.6586437225,00860
1464887339.6891007423,00861
1464887339.7224531174,00862
1464887339.7556998730,00863
1464887339.7890536785,00864
1464887339.8224070072,00865
1464887339.8557860851,00866
1464887339.8891401291,00867
1464887339.9224750996,00868
1464887339.9558308125,00869
1464887339.9891712666,00870
1464887340.0225689411,00871
1464887340.0557940006,00872
1464887340.0891931057,00873
1464887340.1226017475,00874
1464887340.1584961414,00875
1464887340.1892564297,00876
1464887340.2224748135,00877
1464887340.2558462620,00878
1464887340.2892570496,00879
1464887340.3226141930,00880
1464887340.3558888435,00881
1464887340.3892741203,00882
1464887340.4225964546,00883
1464887340.4559600353,00884
1464887340.4893224239,00885
1464887340.5226602554,00886
1464887340.5560026169,00887
1464887340.5892558098,00888
1464887340.6226267815,00889
1464887340.6561019421,00890
1464887340.6893572807,00891
1464887340.7227363586,00892
1464887340.7560360432,00893
1464887340.7892911434,00894
1464887340.8228051662,00895
1464887340.8560531139,00896
1464887340.8893713951,00897
1464887340.9227633476,00898
1464887340.9560534954,00899
1464887340.9894089699,00900
1464887341.0232124329,00901
1464887341.0561206341,00902
1464887341.0894865990,00903
1464887341.1228353977,00904
1464887341.1562285423,00905
1464887341.1895337105,00906
1464887341.2229690552,00907
1464887341.2561578751,00908
1464887341.2895364761,00909
1464887341.3232340813,00910
1464887341.3562674522,00911
1464887341.3895623684,00912
1464887341.4259006977,00913
1464887341.4562852383,00914
1464887341.4925887585,00915
1464887341.5229747295,00916
1464887341.5563302040,00917
1464887341.5898454189,00918
1464887341.6229629517,00919
1464887341.6563251019,00920
1464887341.6896948814,00921
1464887341.7230184078,00922
1464887341.7563481331,00923
1464887341.7895836830,00924
1464887341.8228669167,00925
1464887341.8563165665,00926
1464887341.8896527290,00927
1464887341.9229788780,00928
1464887341.9563281536,00929
1464887341.9897108078,00930
1464887342.0229971409,00931
1464887342.0567080975,00932
1464887342.0897579193,00933
1464887342.1230447292,00934
1464887342.1589546204,00935
1464887342.1897568703,00936
1464887342.2249982357,00937
1464887342.2564568520,00938
1464887342.2897739410,00939
1464887342.3261978626,00940
1464887342.3564338684,00941
1464887342.3898022175,00942
1464887342.4231910706,00943
1464887342.4564511776,00944
1464887342.4927308559,00945
1464887342.5235345364,00946
1464887342.5565564632,00947
1464887342.5899360180,00948
1464887342.6232495308,00949
1464887342.6592631340,00950
1464887342.6899414062,00951
1464887342.7232482433,00952
1464887342.7566149235,00953
1464887342.7899620533,00954
1464887342.8253412247,00955
1464887342.8564879894,00956
1464887342.8899242878,00957
1464887342.9232730865,00958
1464887342.9566411972,00959
1464887342.9925670624,00960
1464887343.0234663486,00961
1464887343.0570650101,00962
1464887343.0900568962,00963
1464887343.1233510971,00964
1464887343.1567270756,00965
1464887343.1901454926,00966
1464887343.2234423161,00967
1464887343.2565865517,00968
1464887343.2901253700,00969
1464887343.3259367943,00970
1464887343.3568000793,00971
1464887343.3901474476,00972
1464887343.4234478474,00973
1464887343.4568846226,00974
1464887343.4924252033,00975
1464887343.5235691071,00976
1464887343.5568749905,00977
1464887343.5907359123,00978
1464887343.6235318184,00979
1464887343.6593472958,00980
1464887343.6902458668,00981
1464887343.7235517502,00982
1464887343.7569820881,00983
1464887343.7903113365,00984
1464887343.8258717060,00985
1464887343.8569393158,00986
1464887343.8903012276,00987
1464887343.9236836433,00988
1464887343.9569785595,00989
1464887343.9929926395,00990
1464887344.0236549377,00991
1464887344.0570437908,00992
1464887344.0903987885,00993
1464887344.1237692833,00994
1464887344.1595170498,00995
1464887344.1903972626,00996
1464887344.2240643501,00997
1464887344.2569613457,00998
1464887344.2907669544,00999
1464887344.3264007568,01000
1464887344.3570117950,01001
1464887344.3908512592,01002
1464887344.4236853123,01003
1464887344.4571781158,01004
1464887344.4931504726,01005
1464887344.5238873959,01006
1464887344.5572175980,01007
1464887344.5905692577,01008
1464887344.6238865852,01009
1464887344.6594698429,01010
1464887344.6905899048,01011
1464887344.7238731384,01012
1464887344.7573018074,01013
1464887344.7906236649,01014
1464887344.8265831470,01015
1464887344.8571879864,01016
1464887344.8905823231,01017
1464887344.9240009785,01018
1464887344.9573416710,01019
1464887344.9935133457,01020
1464887345.0239846706,01021
1464887345.0573353767,01022
1464887345.0906734467,01023
1464887345.1240158081,01024
1464887345.1599104404,01025
1464887345.1915540695,01026
1464887345.2252309322,01027
1464887345.2576487064,01028
1464887345.2931742668,01029
1464887345.3259592056,01030
1464887345.3573434353,01031
1464887345.3913846016,01032
1464887345.4240646362,01033
1464887345.4574573040,01034
1464887345.4938318729,01035
1464887345.5241003036,01036
1464887345.5574560165,01037
1464887345.5916965008,01038
1464887345.6241238117,01039
1464887345.6598732471,01040
1464887345.6938312054,01041
1464887345.7252488136,01042
1464887345.7575623989,01043
1464887345.7908475399,01044
1464887345.8241906166,01045
1464887345.8575177193,01046
1464887345.8908283710,01047
1464887345.9241764545,01048
1464887345.9575476646,01049
1464887345.9932122231,01050
1464887346.0242276192,01051
1464887346.0575728416,01052
1464887346.0919754505,01053
1464887346.1242983341,01054
1464887346.1576173306,01055
1464887346.1921324730,01056
1464887346.2242538929,01057
1464887346.2579324245,01058
1464887346.2909877300,01059
1464887346.3264548779,01060
1464887346.3576445580,01061
1464887346.3909957409,01062
1464887346.4243834019,01063
1464887346.4576847553,01064
1464887346.4939861298,01065
1464887346.5244097710,01066
1464887346.5577163696,01067
1464887346.5910930634,01068
1464887346.6243975163,01069
1464887346.6607465744,01070
1464887346.6912817955,01071
1464887346.7245061398,01072
1464887346.7577967644,01073
1464887346.7911508083,01074
1464887346.8271510601,01075
1464887346.8578574657,01076
1464887346.8910737038,01077
1464887346.9245104790,01078
1464887346.9578967094,01079
1464887346.9939122200,01080
1464887347.0246276855,01081
1464887347.0578761101,01082
1464887347.0912756920,01083
1464887347.1246101856,01084
1464887347.1606471539,01085
1464887347.1912913322,01086
1464887347.2245640755,01087
1464887347.2579662800,01088
1464887347.2911193371,01089
1464887347.3271932602,01090
1464887347.3579912186,01091
1464887347.3913791180,01092
1464887347.4247195721,01093
1464887347.4580090046,01094
1464887347.4942100048,01095
1464887347.5247037411,01096
1464887347.5580723286,01097
1464887347.5913505554,01098
1464887347.6277208328,01099
1464887347.6604211330,01100
1464887347.6914544106,01101
1464887347.7248179913,01102
1464887347.7583129406,01103
1464887347.7914960384,01104
1464887347.8273534775,01105
1464887347.8581840992,01106
1464887347.8914937973,01107
1464887347.9246873856,01108
1464887347.9594914913,01109
1464887347.9937865734,01110
1464887348.0252075195,01111
1464887348.0585958958,01112
1464887348.0915539265,01113
1464887348.1249525547,01114
1464887348.1582453251,01115
1464887348.1915028095,01116
1464887348.2280049324,01117
1464887348.2582130432,01118
1464887348.2913935184,01119
1464887348.3248989582,01120
1464887348.3582324982,01121
1464887348.3915648460,01122
1464887348.4248757362,01123
1464887348.4583356380,01124
1464887348.4916193485,01125
1464887348.5249402523,01126
1464887348.5583224297,01127
1464887348.5916283131,01128
1464887348.6249711514,01129
1464887348.6604859829,01130
1464887348.6917302608,01131
1464887348.7251324654,01132
1464887348.7583727837,01133
1464887348.7917764187,01134
1464887348.8276324272,01135
1464887348.8584368229,01136
1464887348.8917710781,01137
1464887348.9250204563,01138
1464887348.9584472179,01139
1464887348.9945724010,01140
1464887349.0251209736,01141
1464887349.0585300922,01142
1464887349.0918366909,01143
1464887349.1251664162,01144
1464887349.1614947319,01145
1464887349.1918358803,01146
1464887349.2252602577,01147
1464887349.2585682869,01148
1464887349.2919189930,01149
1464887349.3280656338,01150
1464887349.3585762978,01151
1464887349.3918869495,01152
1464887349.4253082275,01153
1464887349.4589629173,01154
1464887349.4946577549,01155
1464887349.5253407955,01156
1464887349.5586030483,01157
1464887349.5919821262,01158
1464887349.6252970695,01159
1464887349.6609854698,01160
1464887349.6920659542,01161
1464887349.7254364491,01162
1464887349.7590844631,01163
1464887349.7920918465,01164
1464887349.8281230927,01165
1464887349.8587496281,01166
1464887349.8920533657,01167
1464887349.9254407883,01168
1464887349.9587333202,01169
1464887349.9950850010,01170
1464887350.0254909992,01171
1464887350.0587644577,01172
1464887350.0921845436,01173
1464887350.1254243851,01174
1464887350.1612448692,01175
1464887350.1924440861,01176
1464887350.2254929543,01177
1464887350.2589764595,01178
1464887350.2921111584,01179
1464887350.3279623985,01180
1464887350.3605926037,01181
1464887350.3922910690,01182
1464887350.4255869389,01183
1464887350.4589164257,01184
1464887350.4949824810,01185
1464887350.5256223679,01186
1464887350.5588991642,01187
1464887350.5922465324,01188
1464887350.6255741119,01189
1464887350.6617026329,01190
1464887350.6934564114,01191
1464887350.7256090641,01192
1464887350.7589704990,01193
1464887350.7926599979,01194
1464887350.8286800385,01195
1464887350.8590347767,01196
1464887350.8923826218,01197
1464887350.9257206917,01198
1464887350.9593424797,01199
1464887350.9949848652,01200
1464887351.0257740021,01201
1464887351.0591292381,01202
1464887351.0924611092,01203
1464887351.1258370876,01204
1464887351.1613132954,01205
1464887351.1927690506,01206
1464887351.2261030674,01207
1464887351.2600367069,01208
1464887351.2925133705,01209
1464887351.3275496960,01210
1464887351.3590788841,01211
1464887351.3924481869,01212
1464887351.4258551598,01213
1464887351.4591522217,01214
1464887351.4925601482,01215
1464887351.5260205269,01216
1464887351.5592594147,01217
1464887351.5925877094,01218
1464887351.6265041828,01219
1464887351.6629335880,01220
1464887351.6952867508,01221
1464887351.7259216309,01222
1464887351.7592906952,01223
1464887351.7927317619,01224
1464887351.8259773254,01225
1464887351.8594205379,01226
1464887351.8926579952,01227
1464887351.9259669781,01228
1464887351.9593451023,01229
1464887351.9940059185,01230
1464887352.0260822773,01231
1464887352.0592982769,01232
1464887352.0927174091,01233
1464887352.1260466576,01234
1464887352.1620135307,01235
1464887352.1956157684,01236
1464887352.2260708809,01237
1464887352.2594950199,01238
1464887352.2927982807,01239
1464887352.3292267323,01240
1464887352.3594338894,01241
1464887352.3928565979,01242
1464887352.4261965752,01243
1464887352.4595150948,01244
1464887352.4950051308,01245
1464887352.5261757374,01246
1464887352.5595197678,01247
1464887352.5928790569,01248
1464887352.6262075901,01249
1464887352.6623394489,01250
1464887352.6928977966,01251
1464887352.7263004780,01252
1464887352.7595858574,01253
1464887352.7929885387,01254
1464887352.8290653229,01255
1464887352.8597171307,01256
1464887352.8930299282,01257
1464887352.9263672829,01258
1464887352.9597043991,01259
1464887352.9952979088,01260
1464887353.0265769958,01261
1464887353.0597069263,01262
1464887353.0930600166,01263
1464887353.1264417171,01264
1464887353.1626513004,01265
1464887353.1930863857,01266
1464887353.2264144421,01267
1464887353.2598094940,01268
1464887353.2938609123,01269
1464887353.3290693760,01270
1464887353.3599140644,01271
1464887353.3931207657,01272
1464887353.4265582561,01273
1464887353.4600288868,01274
1464887353.4954226017,01275
1464887353.5264985561,01276
1464887353.5598328114,01277
1464887353.5931959152,01278
1464887353.6267671585,01279
1464887353.6598615646,01280
1464887353.6931843758,01281
1464887353.7265336514,01282
1464887353.7598185539,01283
1464887353.7932696342,01284
1464887353.8284981251,01285
1464887353.8599488735,01286
1464887353.8932805061,01287
1464887353.9283084869,01288
1464887353.9599637985,01289
1464887353.9970235825,01290
1464887354.0266380310,01291
1464887354.0599653721,01292
1464887354.0933544636,01293
1464887354.1267497540,01294
1464887354.1629545689,01295
1464887354.1933598518,01296
1464887354.2297608852,01297
1464887354.2600343227,01298
1464887354.2933146954,01299
1464887354.3292119503,01300
1464887354.3600022793,01301
1464887354.3933484554,01302
1464887354.4267697334,01303
1464887354.4601669312,01304
1464887354.4961338043,01305
1464887354.5268738270,01306
1464887354.5601499081,01307
1464887354.5934824944,01308
1464887354.6269090176,01309
1464887354.6626722813,01310
1464887354.6935734749,01311
1464887354.7275879383,01312
1464887354.7602555752,01313
1464887354.7935736179,01314
1464887354.8300688267,01315
1464887354.8607146740,01316
1464887354.8936312199,01317
1464887354.9269137383,01318
1464887354.9602184296,01319
1464887354.9959557056,01320
1464887355.0278098583,01321
1464887355.0603077412,01322
1464887355.0936717987,01323
1464887355.1270420551,01324
1464887355.1635355949,01325
1464887355.1940476894,01326
1464887355.2275416851,01327
1464887355.2611725330,01328
1464887355.2936689854,01329
1464887355.3292601109,01330
1464887355.3604946136,01331
1464887355.3937313557,01332
1464887355.4270920753,01333
1464887355.4603388309,01334
1464887355.4966480732,01335
1464887355.5270221233,01336
1464887355.5604107380,01337
1464887355.5938091278,01338
1464887355.6271498203,01339
1464887355.6604661942,01340
1464887355.6938045025,01341
1464887355.7271516323,01342
1464887355.7604725361,01343
1464887355.7937457561,01344
1464887355.8288588524,01345
1464887355.8605616093,01346
1464887355.8938965797,01347
1464887355.9272005558,01348
1464887355.9605975151,01349
1464887355.9964244366,01350
1464887356.0271916389,01351
1464887356.0605933666,01352
1464887356.0939261913,01353
1464887356.1273214817,01354
1464887356.1627683640,01355
1464887356.1940011978,01356
1464887356.2273080349,01357
1464887356.2606484890,01358
1464887356.2939677238,01359
1464887356.3335275650,01360
1464887356.3606541157,01361
1464887356.3941226006,01362
1464887356.4273769855,01363
1464887356.4607262611,01364
1464887356.4959886074,01365
1464887356.5274279118,01366
1464887356.5607540607,01367
1464887356.5941343307,01368
1464887356.6274597645,01369
1464887356.6633660793,01370
1464887356.6941726208,01371
1464887356.7274911404,01372
1464887356.7608437538,01373
1464887356.7942016125,01374
1464887356.8317399025,01375
1464887356.8607904911,01376
1464887356.8947451115,01377
1464887356.9274988174,01378
1464887356.9638667107,01379
1464887356.9967656136,01380
1464887357.0276329517,01381
1464887357.0613441467,01382
1464887357.0943143368,01383
1464887357.1306817532,01384
1464887357.1638329029,01385
1464887357.1942796707,01386
1464887357.2276415825,01387
1464887357.2609815598,01388
1464887357.2944321632,01389
1464887357.3362224102,01390
1464887357.3610024452,01391
1464887357.3941795826,01392
1464887357.4276895523,01393
1464887357.4610383511,01394
1464887357.4943168163,01395
1464887357.5276312828,01396
1464887357.5610196590,01397
1464887357.5946316719,01398
1464887357.6280086040,01399
1464887357.6610877514,01400
1464887357.6944231987,01401
1464887357.7277326584,01402
1464887357.7611064911,01403
1464887357.7944881916,01404
1464887357.8277919292,01405
1464887357.8611471653,01406
1464887357.8945164680,01407
1464887357.9278151989,01408
1464887357.9611332417,01409
1464887357.9967110157,01410
1464887358.0278732777,01411
1464887358.0611846447,01412
1464887358.0958154202,01413
1464887358.1278357506,01414
1464887358.1639914513,01415
1464887358.1945776939,01416
1464887358.2290756702,01417
1464887358.2631955147,01418
1464887358.2947440147,01419
1464887358.3279209137,01420
1464887358.3612818718,01421
1464887358.3945095539,01422
1464887358.4317336082,01423
1464887358.4613342285,01424
1464887358.4970033169,01425
1464887358.5280215740,01426
1464887358.5613110065,01427
1464887358.5947332382,01428
1464887358.6280992031,01429
1464887358.6613333225,01430
1464887358.6946997643,01431
1464887358.7280845642,01432
1464887358.7614512444,01433
1464887358.7947733402,01434
1464887358.8280675411,01435
1464887358.8614320755,01436
1464887358.8947887421,01437
1464887358.9281449318,01438
1464887358.9614362717,01439
1464887358.9976279736,01440
1464887359.0281670094,01441
1464887359.0615127087,01442
1464887359.0948419571,01443
1464887359.1281852722,01444
1464887359.1615204811,01445
1464887359.1948573589,01446
1464887359.2281684875,01447
1464887359.2620468140,01448
1464887359.2949051857,01449
1464887359.3282365799,01450
1464887359.3615503311,01451
1464887359.3957042694,01452
1464887359.4282050133,01453
1464887359.4619038105,01454
1464887359.4974491596,01455
1464887359.5282747746,01456
1464887359.5616652966,01457
1464887359.5950028896,01458
1464887359.6283137798,01459
1464887359.6650321484,01460
1464887359.6950247288,01461
1464887359.7283856869,01462
1464887359.7616951466,01463
1464887359.7950949669,01464
1464887359.8313517570,01465
1464887359.8616859913,01466
1464887359.8950734138,01467
1464887359.9284148216,01468
1464887359.9617633820,01469
1464887359.9978690147,01470
1464887360.0284461975,01471
1464887360.0617792606,01472
1464887360.0951688290,01473
1464887360.1284604073,01474
1464887360.1645290852,01475
1464887360.1951644421,01476
1464887360.2290780544,01477
1464887360.2618575096,01478
1464887360.2952105999,01479
1464887360.3312187195,01480
1464887360.3619043827,01481
1464887360.3956294060,01482
1464887360.4289662838,01483
1464887360.4619278908,01484
1464887360.4974596500,01485
1464887360.5285811424,01486
1464887360.5619409084,01487
1464887360.5952491760,01488
1464887360.6285555363,01489
1464887360.6642870903,01490
1464887360.6953158379,01491
1464887360.7286515236,01492
1464887360.7619757652,01493
1464887360.7952878475,01494
1464887360.8318073750,01495
1464887360.8620688915,01496
1464887360.8953807354,01497
1464887360.9286732674,01498
1464887360.9620208740,01499
1464887360.9978046417,01500
1464887361.0287253857,01501
1464887361.0620853901,01502
1464887361.0953917503,01503
1464887361.1290237904,01504
1464887361.1649816036,01505
1464887361.1954886913,01506
1464887361.2287702560,01507
1464887361.2621691227,01508
1464887361.2955012321,01509
1464887361.3318958282,01510
1464887361.3620491028,01511
1464887361.3955006599,01512
1464887361.4289999008,01513
1464887361.4621939659,01514
1464887361.4981424809,01515
1464887361.5288703442,01516
1464887361.5622777939,01517
1464887361.5956077576,01518
1464887361.6289486885,01519
1464887361.6648237705,01520
1464887361.6956164837,01521
1464887361.7289979458,01522
1464887361.7623157501,01523
1464887361.7956430912,01524
1464887361.8318181038,01525
1464887361.8623344898,01526
1464887361.8956766129,01527
1464887361.9290161133,01528
1464887361.9624087811,01529
1464887361.9985334873,01530
1464887362.0291078091,01531
1464887362.0624396801,01532
1464887362.0957217216,01533
1464887362.1290559769,01534
1464887362.1648187637,01535
1464887362.1956944466,01536
1464887362.2290899754,01537
1464887362.2625172138,01538
1464887362.2958335876,01539
1464887362.3291647434,01540
1464887362.3625185490,01541
1464887362.3957967758,01542
1464887362.4290394783,01543
1464887362.4625377655,01544
1464887362.4958822727,01545
1464887362.5292298794,01546
1464887362.5625979900,01547
1464887362.5959126949,01548
1464887362.6292715073,01549
1464887362.6656429768,01550
1464887362.6959483624,01551
1464887362.7292149067,01552
1464887362.7626321316,01553
1464887362.7959365845,01554
1464887362.8318076134,01555
1464887362.8626649380,01556
1464887362.8959479332,01557
1464887362.9293258190,01558
1464887362.9626696110,01559
1464887362.9982006550,01560
1464887363.0293681622,01561
1464887363.0627119541,01562
1464887363.0959975719,01563
1464887363.1294376850,01564
1464887363.1649892330,01565
1464887363.1960630417,01566
1464887363.2294032574,01567
1464887363.2627944946,01568
1464887363.2960908413,01569
1464887363.3321611881,01570
1464887363.3628132343,01571
1464887363.3961396217,01572
1464887363.4292454720,01573
1464887363.4628734589,01574
1464887363.4988467693,01575
1464887363.5295095444,01576
1464887363.5628316402,01577
1464887363.5961580276,01578
1464887363.6295642853,01579
1464887363.6628816128,01580
1464887363.6970775127,01581
1464887363.7296085358,01582
1464887363.7629556656,01583
1464887363.7962737083,01584
1464887363.8296432495,01585
1464887363.8629751205,01586
1464887363.8962442875,01587
1464887363.9296483994,01588
1464887363.9629640579,01589
1464887363.9963207245,01590
1464887364.0296514034,01591
1464887364.0630059242,01592
1464887364.0990467072,01593
1464887364.1297094822,01594
1464887364.1629614830,01595
1464887364.1963219643,01596
1464887364.2296848297,01597
1464887364.2629780769,01598
1464887364.2964701653,01599
1464887364.3298177719,01600
1464887364.3631699085,01601
1464887364.3964471817,01602
1464887364.4297151566,01603
1464887364.4639599323,01604
1464887364.4971492290,01605
1464887364.5298187733,01606
1464887364.5631654263,01607
1464887364.5964426994,01608
1464887364.6300616264,01609
1464887364.6659686565,01610
1464887364.6965184212,01611
1464887364.7298121452,01612
1464887364.7631616592,01613
1464887364.7965397835,01614
1464887364.8329532146,01615
1464887364.8632740974,01616
1464887364.8966412544,01617
1464887364.9299402237,01618
1464887364.9630842209,01619
1464887364.9991273880,01620
1464887365.0306510925,01621
1464887365.0639214516,01622
1464887365.0965390205,01623
1464887365.1300125122,01624
1464887365.1658771038,01625
1464887365.1967155933,01626
1464887365.2299892902,01627
1464887365.2633457184,01628
1464887365.2967455387,01629
1464887365.3328406811,01630
1464887365.3633258343,01631
1464887365.3967051506,01632
1464887365.4300117493,01633
1464887365.4634966850,01634
1464887365.4991648197,01635
1464887365.5300958157,01636
1464887365.5634269714,01637
1464887365.5967857838,01638
1464887365.6300611496,01639
1464887365.6659913063,01640
1464887365.6970169544,01641
1464887365.7301278114,01642
1464887365.7641761303,01643
1464887365.7968227863,01644
1464887365.8329334259,01645
1464887365.8634977341,01646
1464887365.8968627453,01647
1464887365.9301688671,01648
1464887365.9634654522,01649
1464887365.9990954399,01650
1464887366.0301418304,01651
1464887366.0634768009,01652
1464887366.0968573093,01653
1464887366.1301279068,01654
1464887366.1657493114,01655
1464887366.1969826221,01656
1464887366.2303321362,01657
1464887366.2636239529,01658
1464887366.2969903946,01659
1464887366.3328144550,01660
1464887366.3636641502,01661
1464887366.3969631195,01662
1464887366.4302933216,01663
1464887366.4635353088,01664
1464887366.4994478226,01665
1464887366.5303757191,01666
1464887366.5637087822,01667
1464887366.5974216461,01668
1464887366.6304643154,01669
1464887366.6660470963,01670
1464887366.6971495152,01671
1464887366.7311112881,01672
1464887366.7637512684,01673
1464887366.7971034050,01674
1464887366.8333404064,01675
1464887366.8637473583,01676
1464887366.8993582726,01677
1464887366.9305498600,01678
1464887366.9638609886,01679
1464887366.9997591972,01680
1464887367.0306088924,01681
1464887367.0638992786,01682
1464887367.0972199440,01683
1464887367.1312212944,01684
1464887367.1663331985,01685
1464887367.1972851753,01686
1464887367.2305951118,01687
1464887367.2641730309,01688
1464887367.2972836494,01689
1464887367.3331542015,01690
1464887367.3639721870,01691
1464887367.3972923756,01692
1464887367.4308364391,01693
1464887367.4640698433,01694
1464887367.4972503185,01695
1464887367.5307633877,01696
1464887367.5640187263,01697
1464887367.5986797810,01698
1464887367.6306707859,01699
1464887367.6669170856,01700
1464887367.6974043846,01701
1464887367.7307424545,01702
1464887367.7640388012,01703
1464887367.7974390984,01704
1464887367.8347685337,01705
1464887367.8641293049,01706
1464887367.8973984718,01707
1464887367.9308049679,01708
1464887367.9640874863,01709
1464887368.0001370907,01710
1464887368.0307991505,01711
1464887368.0641415119,01712
1464887368.0974833965,01713
1464887368.1308386326,01714
1464887368.1672437191,01715
1464887368.1975128651,01716
1464887368.2312636375,01717
1464887368.2643222809,01718
1464887368.2975823879,01719
1464887368.3336777687,01720
1464887368.3643543720,01721
1464887368.3976435661,01722
1464887368.4310178757,01723
1464887368.4643468857,01724
1464887368.4993839264,01725
1464887368.5309925079,01726
1464887368.5642154217,01727
1464887368.5980000496,01728
1464887368.6310484409,01729
1464887368.6676671505,01730
1464887368.6975553036,01731
1464887368.7309243679,01732
1464887368.7642838955,01733
1464887368.7976434231,01734
1464887368.8332796097,01735
1464887368.8643443584,01736
1464887368.8976750374,01737
1464887368.9310035706,01738
1464887368.9644069672,01739
1464887369.0004096031,01740
1464887369.0311195850,01741
1464887369.0643789768,01742
1464887369.0977706909,01743
1464887369.1315128803,01744
1464887369.1670963764,01745
1464887369.1988513470,01746
1464887369.2312231064,01747
1464887369.2650351524,01748
1464887369.2987525463,01749
1464887369.3336348534,01750
1464887369.3646080494,01751
1464887369.3979964256,01752
1464887369.4312806129,01753
1464887369.4646244049,01754
1464887369.4993720055,01755
1464887369.5313105583,01756
1464887369.5646610260,01757
1464887369.5979468822,01758
1464887369.6312916279,01759
1464887369.6669580936,01760
1464887369.6980357170,01761
1464887369.7313117981,01762
1464887369.7646639347,01763
1464887369.7980418205,01764
1464887369.8313531876,01765
1464887369.8647370338,01766
1464887369.8980586529,01767
1464887369.9319937229,01768
1464887369.9647364616,01769
1464887369.9981255531,01770
1464887370.0314095020,01771
1464887370.0648474693,01772
1464887370.0981130600,01773
1464887370.1315066814,01774
1464887370.1648061275,01775
1464887370.1981129646,01776
1464887370.2314941883,01777
1464887370.2647159100,01778
1464887370.2980759144,01779
1464887370.3336138725,01780
1464887370.3648319244,01781
1464887370.3981945515,01782
1464887370.4314768314,01783
1464887370.4647955894,01784
1464887370.4980008602,01785
1464887370.5316226482,01786
1464887370.5669345856,01787
1464887370.5982744694,01788
1464887370.6315805912,01789
1464887370.6675455570,01790
1464887370.6984312534,01791
1464887370.7315545082,01792
1464887370.7649893761,01793
1464887370.7983813286,01794
1464887370.8340141773,01795
1464887370.8650283813,01796
1464887370.8984065056,01797
1464887370.9317071438,01798
1464887370.9650421143,01799
1464887371.0009088516,01800
1464887371.0316984653,01801
1464887371.0650496483,01802
1464887371.0984711647,01803
1464887371.1317625046,01804
1464887371.1679348946,01805
1464887371.1984937191,01806
1464887371.2318813801,01807
1464887371.2650878429,01808
1464887371.2986993790,01809
1464887371.3348934650,01810
1464887371.3651709557,01811
1464887371.3985552788,01812
1464887371.4319095612,01813
1464887371.4651861191,01814
1464887371.5005216599,01815
1464887371.5318245888,01816
1464887371.5651986599,01817
1464887371.5986056328,01818
1464887371.6318676472,01819
1464887371.6677324772,01820
1464887371.6990818977,01821
1464887371.7327702045,01822
1464887371.7652585506,01823
1464887371.7987132072,01824
1464887371.8347494602,01825
1464887371.8654084206,01826
1464887371.8987271786,01827
1464887371.9319739342,01828
1464887371.9653558731,01829
1464887372.0026047230,01830
1464887372.0320713520,01831
1464887372.0653655529,01832
1464887372.0986964703,01833
1464887372.1320257187,01834
1464887372.1654186249,01835
1464887372.1987831593,01836
1464887372.2320737839,01837
1464887372.2654459476,01838
1464887372.3036832809,01839
1464887372.3339862823,01840
1464887372.3656675816,01841
1464887372.3987762928,01842
1464887372.4321613312,01843
1464887372.4657366276,01844
1464887372.4993095398,01845
1464887372.5323345661,01846
1464887372.5654599667,01847
1464887372.5989215374,01848
1464887372.6321754456,01849
1464887372.6655120850,01850
1464887372.6992046833,01851
1464887372.7321443558,01852
1464887372.7655205727,01853
1464887372.8016269207,01854
1464887372.8322911263,01855
1464887372.8655574322,01856
1464887372.8989336491,01857
1464887372.9323356152,01858
1464887372.9656264782,01859
1464887372.9989166260,01860
1464887373.0323433876,01861
1464887373.0656533241,01862
1464887373.0990154743,01863
1464887373.1322886944,01864
1464887373.1682059765,01865
1464887373.1990842819,01866
1464887373.2325890064,01867
1464887373.2657117844,01868
1464887373.2990937233,01869
1464887373.3348090649,01870
1464887373.3658306599,01871
1464887373.3990504742,01872
1464887373.4324636459,01873
1464887373.4657802582,01874
1464887373.5017039776,01875
1464887373.5324180126,01876
1464887373.5657689571,01877
1464887373.5991547108,01878
1464887373.6325492859,01879
1464887373.6682596207,01880
1464887373.6992125511,01881
1464887373.7325184345,01882
1464887373.7658257484,01883
1464887373.7991955280,01884
1464887373.8350870609,01885
1464887373.8666396141,01886
1464887373.8992369175,01887
1464887373.9325447083,01888
1464887373.9658966064,01889
1464887374.0018603802,01890
1464887374.0326573849,01891
1464887374.0659215450,01892
1464887374.0993859768,01893
1464887374.1326382160,01894
1464887374.1681063175,01895
1464887374.1998715401,01896
1464887374.2325971127,01897
1464887374.2659144402,01898
1464887374.2994074821,01899
1464887374.3327374458,01900
1464887374.3658819199,01901
1464887374.3993742466,01902
1464887374.4326746464,01903
1464887374.4661905766,01904
1464887374.4995255470,01905
1464887374.5326993465,01906
1464887374.5664796829,01907
1464887374.5994966030,01908
1464887374.6327321529,01909
1464887374.6662843227,01910
1464887374.6994965076,01911
1464887374.7328522205,01912
1464887374.7661776543,01913
1464887374.8013665676,01914
1464887374.8328535557,01915
1464887374.8660485744,01916
1464887374.8994886875,01917
1464887374.9328455925,01918
1464887374.9663481712,01919
1464887374.9994657040,01920
1464887375.0328996181,01921
1464887375.0661053658,01922
1464887375.1004288197,01923
1464887375.1329107285,01924
1464887375.1727433205,01925
1464887375.1996095181,01926
1464887375.2329220772,01927
1464887375.2663919926,01928
1464887375.2996578217,01929
1464887375.3357589245,01930
1464887375.3663547039,01931
1464887375.3997673988,01932
1464887375.4330728054,01933
1464887375.4662804604,01934
1464887375.5024280548,01935
1464887375.5332367420,01936
1464887375.5663497448,01937
1464887375.5997436047,01938
1464887375.6331090927,01939
1464887375.6728057861,01940
1464887375.6998789310,01941
1464887375.7331254482,01942
1464887375.7665205002,01943
1464887375.7997243404,01944
1464887375.8357670307,01945
1464887375.8667895794,01946
1464887375.8998289108,01947
1464887375.9332339764,01948
1464887375.9664680958,01949
1464887376.0018308163,01950
1464887376.0331723690,01951
1464887376.0694208145,01952
1464887376.0999245644,01953
1464887376.1337442398,01954
1464887376.1687247753,01955
1464887376.1999056339,01956
1464887376.2332854271,01957
1464887376.2666728497,01958
1464887376.2999219894,01959
1464887376.3355071545,01960
1464887376.3665425777,01961
1464887376.3999168873,01962
1464887376.4333457947,01963
1464887376.4665768147,01964
1464887376.5025179386,01965
1464887376.5333769321,01966
1464887376.5667185783,01967
1464887376.6000757217,01968
1464887376.6334455013,01969
1464887376.6689465046,01970
1464887376.7001063824,01971
1464887376.7334740162,01972
1464887376.7668085098,01973
1464887376.8000860214,01974
1464887376.8362252712,01975
1464887376.8667948246,01976
1464887376.9028613567,01977
1464887376.9335074425,01978
1464887376.9667851925,01979
1464887377.0023312569,01980
1464887377.0335714817,01981
1464887377.0675289631,01982
1464887377.1001498699,01983
1464887377.1335756779,01984
1464887377.1669447422,01985
1464887377.2001383305,01986
1464887377.2341291904,01987
1464887377.2669713497,01988
1464887377.3007640839,01989
1464887377.3335690498,01990
1464887377.3669865131,01991
1464887377.4003829956,01992
1464887377.4336545467,01993
1464887377.4684731960,01994
1464887377.5002620220,01995
1464887377.5336232185,01996
1464887377.5668516159,01997
1464887377.6002275944,01998
1464887377.6336212158,01999
1464887377.6693358421,02000
1464887377.7002742290,02001
1464887377.7336378098,02002
1464887377.7674350739,02003
1464887377.8004310131,02004
1464887377.8366997242,02005
1464887377.8670415878,02006
1464887377.9003555775,02007
1464887377.9338123798,02008
1464887377.9669897556,02009
1464887378.0043609142,02010
1464887378.0340304375,02011
1464887378.0671405792,02012
1464887378.1004533768,02013
1464887378.1338632107,02014
1464887378.1708343029,02015
1464887378.2009155750,02016
1464887378.2338619232,02017
1464887378.2672107220,02018
1464887378.3005843163,02019
1464887378.3367142677,02020
1464887378.3681287766,02021
1464887378.4005126953,02022
1464887378.4339663982,02023
1464887378.4673941135,02024
1464887378.5030601025,02025
1464887378.5338721275,02026
1464887378.5671727657,02027
1464887378.6026380062,02028
1464887378.6344614029,02029
1464887378.6700754166,02030
1464887378.7006139755,02031
1464887378.7340064049,02032
1464887378.7673735619,02033
1464887378.8006370068,02034
1464887378.8368730545,02035
1464887378.8674581051,02036
1464887378.9035301208,02037
1464887378.9341254234,02038
1464887378.9673907757,02039
1464887379.0025424957,02040
1464887379.0341153145,02041
1464887379.0673513412,02042
1464887379.1007626057,02043
1464887379.1340980530,02044
1464887379.1696386337,02045
1464887379.2011077404,02046
1464887379.2341876030,02047
1464887379.2675559521,02048
1464887379.3009312153,02049
1464887379.3362407684,02050
1464887379.3675618172,02051
1464887379.4013731480,02052
1464887379.4342935085,02053
1464887379.4684073925,02054
1464887379.5036339760,02055
1464887379.5346202850,02056
1464887379.5678431988,02057
1464887379.6008567810,02058
1464887379.6343269348,02059
1464887379.6704413891,02060
1464887379.7008867264,02061
1464887379.7343695164,02062
1464887379.7677159309,02063
1464887379.8009576797,02064
1464887379.8371241093,02065
1464887379.8677234650,02066
1464887379.9010062218,02067
1464887379.9344286919,02068
1464887379.9677422047,02069
1464887380.0009758472,02070
1464887380.0344402790,02071
1464887380.0678093433,02072
1464887380.1009507179,02073
1464887380.1344873905,02074
1464887380.1678011417,02075
1464887380.2009961605,02076
1464887380.2344820499,02077
1464887380.2677934170,02078
1464887380.3013093472,02079
1464887380.3345811367,02080
1464887380.3678636551,02081
1464887380.4010515213,02082
1464887380.4345693588,02083
1464887380.4678473473,02084
1464887380.5010752678,02085
1464887380.5346000195,02086
1464887380.5679190159,02087
1464887380.6011672020,02088
1464887380.6346001625,02089
1464887380.6685509682,02090
1464887380.7011575699,02091
1464887380.7346799374,02092
1464887380.7679560184,02093
1464887380.8013367653,02094
1464887380.8346869946,02095
1464887380.8680326939,02096
1464887380.9013688564,02097
1464887380.9350328445,02098
1464887380.9679937363,02099
1464887381.0014069080,02100
1464887381.0347256660,02101
1464887381.0680482388,02102
1464887381.1013300419,02103
1464887381.1347117424,02104
1464887381.1681249142,02105
1464887381.2016165257,02106
1464887381.2347369194,02107
1464887381.2681198120,02108
1464887381.3014476299,02109
1464887381.3347923756,02110
1464887381.3680922985,02111
1464887381.4018356800,02112
1464887381.4347426891,02113
1464887381.4681377411,02114
1464887381.5062665939,02115
1464887381.5348310471,02116
1464887381.5681822300,02117
1464887381.6014254093,02118
1464887381.6349327564,02119
1464887381.6709008217,02120
1464887381.7015161514,02121
1464887381.7349605560,02122
1464887381.7682831287,02123
1464887381.8014936447,02124
1464887381.8375842571,02125
1464887381.8683350086,02126
1464887381.9017610550,02127
1464887381.9350023270,02128
1464887381.9683492184,02129
1464887382.0041139126,02130
1464887382.0350637436,02131
1464887382.0683903694,02132
1464887382.1017134190,02133
1464887382.1358878613,02134
1464887382.1706762314,02135
1464887382.2016727924,02136
1464887382.2350690365,02137
1464887382.2684526443,02138
1464887382.3017060757,02139
1464887382.3370306492,02140
1464887382.3682928085,02141
1464887382.4017698765,02142
1464887382.4362916946,02143
1464887382.4683697224,02144
1464887382.5042552948,02145
1464887382.5350949764,02146
1464887382.5685486794,02147
1464887382.6026697159,02148
1464887382.6350946426,02149
1464887382.6707775593,02150
1464887382.7019791603,02151
1464887382.7350790501,02152
1464887382.7686226368,02153
1464887382.8028213978,02154
1464887382.8375823498,02155
1464887382.8686747551,02156
1464887382.9019746780,02157
1464887382.9352502823,02158
1464887382.9686455727,02159
1464887383.0044815540,02160
1464887383.0352556705,02161
1464887383.0686891079,02162
1464887383.1020827293,02163
1464887383.1354179382,02164
1464887383.1709139347,02165
1464887383.2020604610,02166
1464887383.2362201214,02167
1464887383.2688343525,02168
1464887383.3025949001,02169
1464887383.3387007713,02170
1464887383.3687729836,02171
1464887383.4020509720,02172
1464887383.4383115768,02173
1464887383.4687991142,02174
1464887383.5046863556,02175
1464887383.5352985859,02176
1464887383.5687742233,02177
1464887383.6020925045,02178
1464887383.6353907585,02179
1464887383.6728582382,02180
1464887383.7021803856,02181
1464887383.7359664440,02182
1464887383.7688856125,02183
1464887383.8022265434,02184
1464887383.8390378952,02185
1464887383.8689143658,02186
1464887383.9023323059,02187
1464887383.9354121685,02188
1464887383.9689247608,02189
1464887384.0022847652,02190
1464887384.0354840755,02191
1464887384.0716073513,02192
1464887384.1023366451,02193
1464887384.1355848312,02194
1464887384.1689677238,02195
1464887384.2026393414,02196
1464887384.2356390953,02197
1464887384.2690129280,02198
1464887384.3024086952,02199
1464887384.3359720707,02200
1464887384.3689975739,02201
1464887384.4023723602,02202
1464887384.4356710911,02203
1464887384.4690337181,02204
1464887384.5050034523,02205
1464887384.5356345177,02206
1464887384.5690426826,02207
1464887384.6025090218,02208
1464887384.6356294155,02209
1464887384.6717596054,02210
1464887384.7025420666,02211
1464887384.7357566357,02212
1464887384.7691299915,02213
1464887384.8024516106,02214
1464887384.8380680084,02215
1464887384.8691408634,02216
1464887384.9024631977,02217
1464887384.9357459545,02218
1464887384.9692239761,02219
1464887385.0049693584,02220
1464887385.0357546806,02221
1464887385.0691611767,02222
1464887385.1025719643,02223
1464887385.1363983154,02224
1464887385.1717383862,02225
1464887385.2026937008,02226
1464887385.2359473705,02227
1464887385.2693138123,02228
1464887385.3027131557,02229
1464887385.3381910324,02230
1464887385.3693406582,02231
1464887385.4026885033,02232
1464887385.4359784126,02233
1464887385.4693372250,02234
1464887385.5051770210,02235
1464887385.5360264778,02236
1464887385.5693454742,02237
1464887385.6027312279,02238
1464887385.6359646320,02239
1464887385.6721718311,02240
1464887385.7027039528,02241
1464887385.7361276150,02242
1464887385.7693881989,02243
1464887385.8027193546,02244
1464887385.8376419544,02245
1464887385.8702619076,02246
1464887385.9031693935,02247
1464887385.9365978241,02248
1464887385.9695332050,02249
1464887386.0060825348,02250
1464887386.0369582176,02251
1464887386.0694620609,02252
1464887386.1028428078,02253
1464887386.1361892223,02254
1464887386.1719152927,02255
1464887386.2028989792,02256
1464887386.2362513542,02257
1464887386.2695677280,02258
1464887386.3029568195,02259
1464887386.3384056091,02260
1464887386.3696150780,02261
1464887386.4029674530,02262
1464887386.4364442825,02263
1464887386.4696238041,02264
1464887386.5038311481,02265
1464887386.5364720821,02266
1464887386.5696861744,02267
1464887386.6029441357,02268
1464887386.6362719536,02269
1464887386.6696479321,02270
1464887386.7029662132,02271
1464887386.7364523411,02272
1464887386.7697384357,02273
1464887386.8029665947,02274
1464887386.8364274502,02275
1464887386.8701555729,02276
1464887386.9031395912,02277
1464887386.9365286827,02278
1464887386.9704308510,02279
1464887387.0032479763,02280
1464887387.0365152359,02281
1464887387.0698246956,02282
1464887387.1034667492,02283
1464887387.1364884377,02284
1464887387.1697854996,02285
1464887387.2032225132,02286
1464887387.2364802361,02287
1464887387.2697479725,02288
1464887387.3032150269,02289
1464887387.3390362263,02290
1464887387.3704183102,02291
1464887387.4032263756,02292
1464887387.4365682602,02293
1464887387.4718863964,02294
1464887387.5060696602,02295
1464887387.5366313457,02296
1464887387.5699565411,02297
1464887387.6037700176,02298
1464887387.6366684437,02299
1464887387.6715347767,02300
1464887387.7033898830,02301
1464887387.7366914749,02302
1464887387.7699205875,02303
1464887387.8033401966,02304
1464887387.8393099308,02305
1464887387.8700211048,02306
1464887387.9034597874,02307
1464887387.9367568493,02308
1464887387.9699604511,02309
1464887388.0061120987,02310
1464887388.0379636288,02311
1464887388.0700356960,02312
1464887388.1034183502,02313
1464887388.1368155479,02314
1464887388.1718885899,02315
1464887388.2035114765,02316
1464887388.2368261814,02317
1464887388.2703440189,02318
1464887388.3034803867,02319
1464887388.3395423889,02320
1464887388.3702471256,02321
1464887388.4036192894,02322
1464887388.4369461536,02323
1464887388.4704596996,02324
1464887388.5057821274,02325
1464887388.5369396210,02326
1464887388.5703132153,02327
1464887388.6036283970,02328
1464887388.6368911266,02329
1464887388.6734609604,02330
1464887388.7037599087,02331
1464887388.7370526791,02332
1464887388.7701864243,02333
1464887388.8037099838,02334
1464887388.8396780491,02335
1464887388.8703868389,02336
1464887388.9036974907,02337
1464887388.9371559620,02338
1464887388.9703416824,02339
1464887389.0061106682,02340
1464887389.0376465321,02341
1464887389.0703265667,02342
1464887389.1038639545,02343
1464887389.1371562481,02344
1464887389.1730740070,02345
1464887389.2037668228,02346
1464887389.2372176647,02347
1464887389.2705924511,02348
1464887389.3039262295,02349
1464887389.3396344185,02350
1464887389.3704059124,02351
1464887389.4038245678,02352
1464887389.4371693134,02353
1464887389.4704453945,02354
1464887389.5063102245,02355
1464887389.5372829437,02356
1464887389.5704782009,02357
1464887389.6039199829,02358
1464887389.6371831894,02359
1464887389.6725759506,02360
1464887389.7039344311,02361
1464887389.7371530533,02362
1464887389.7705309391,02363
1464887389.8039283752,02364
1464887389.8399121761,02365
1464887389.8706943989,02366
1464887389.9039533138,02367
1464887389.9373345375,02368
1464887389.9705677032,02369
1464887390.0063650608,02370
1464887390.0373346806,02371
1464887390.0706303120,02372
1464887390.1040022373,02373
1464887390.1373677254,02374
1464887390.1730234623,02375
1464887390.2040314674,02376
1464887390.2374382019,02377
1464887390.2707722187,02378
1464887390.3041737080,02379
1464887390.3399901390,02380
1464887390.3708312511,02381
1464887390.4041981697,02382
1464887390.4375052452,02383
1464887390.4708631039,02384
1464887390.5042340755,02385
1464887390.5375826359,02386
1464887390.5710351467,02387
1464887390.6041986942,02388
1464887390.6380548477,02389
1464887390.6722996235,02390
1464887390.7042665482,02391
1464887390.7376673222,02392
1464887390.7717077732,02393
1464887390.8042240143,02394
1464887390.8377001286,02395
1464887390.8710303307,02396
1464887390.9042613506,02397
1464887390.9377393723,02398
1464887390.9737398624,02399
1464887391.0048713684,02400
1464887391.0376961231,02401
1464887391.0742430687,02402
1464887391.1046714783,02403
1464887391.1376962662,02404
1464887391.1710631847,02405
1464887391.2043879032,02406
1464887391.2377901077,02407
1464887391.2710511684,02408
1464887391.3044273853,02409
1464887391.3378405571,02410
1464887391.3711049557,02411
1464887391.4043619633,02412
1464887391.4378588200,02413
1464887391.4711897373,02414
1464887391.5077445507,02415
1464887391.5387551785,02416
1464887391.5714881420,02417
1464887391.6044507027,02418
1464887391.6379590034,02419
1464887391.6720240116,02420
1464887391.7044548988,02421
1464887391.7379057407,02422
1464887391.7713990211,02423
1464887391.8045172691,02424
1464887391.8378818035,02425
1464887391.8713405132,02426
1464887391.9046726227,02427
1464887391.9380140305,02428
1464887391.9712791443,02429
1464887392.0066859722,02430
1464887392.0380613804,02431
1464887392.0713882446,02432
1464887392.1046893597,02433
1464887392.1379997730,02434
1464887392.1713719368,02435
1464887392.2047667503,02436
1464887392.2380647659,02437
1464887392.2713994980,02438
1464887392.3047406673,02439
1464887392.3381416798,02440
1464887392.3714568615,02441
1464887392.4047594070,02442
1464887392.4381830692,02443
1464887392.4714581966,02444
1464887392.5048086643,02445
1464887392.5388591290,02446
1464887392.5714986324,02447
1464887392.6047060490,02448
1464887392.6382751465,02449
1464887392.6715273857,02450
1464887392.7060432434,02451
1464887392.7381155491,02452
1464887392.7715575695,02453
1464887392.8052461147,02454
1464887392.8382928371,02455
1464887392.8715989590,02456
1464887392.9048225880,02457
1464887392.9382641315,02458
1464887392.9715876579,02459
1464887393.0048866272,02460
1464887393.0383045673,02461
1464887393.0715906620,02462
1464887393.1065380573,02463
1464887393.1382946968,02464
1464887393.1716461182,02465
1464887393.2052240372,02466
1464887393.2383122444,02467
1464887393.2716975212,02468
1464887393.3050813675,02469
1464887393.3385574818,02470
1464887393.3717246056,02471
1464887393.4050185680,02472
1464887393.4384188652,02473
1464887393.4717357159,02474
1464887393.5051233768,02475
1464887393.5384602547,02476
1464887393.5717661381,02477
1464887393.6050219536,02478
1464887393.6384544373,02479
1464887393.6717469692,02480
1464887393.7049646378,02481
1464887393.7384114265,02482
1464887393.7719037533,02483
1464887393.8051090240,02484
1464887393.8385510445,02485
1464887393.8719205856,02486
1464887393.9050874710,02487
1464887393.9385848045,02488
1464887393.9718959332,02489
1464887394.0051183701,02490
1464887394.0386195183,02491
1464887394.0719621181,02492
1464887394.1052377224,02493
1464887394.1387023926,02494
1464887394.1749715805,02495
1464887394.2054738998,02496
1464887394.2386023998,02497
1464887394.2719316483,02498
1464887394.3053121567,02499
1464887394.3448498249,02500
1464887394.3720016479,02501
1464887394.4053313732,02502
1464887394.4386544228,02503
1464887394.4719860554,02504
1464887394.5076749325,02505
1464887394.5387291908,02506
1464887394.5720808506,02507
1464887394.6053793430,02508
1464887394.6387832165,02509
1464887394.6751525402,02510
1464887394.7090978622,02511
1464887394.7389559746,02512
1464887394.7720713615,02513
1464887394.8054988384,02514
1464887394.8389050961,02515
1464887394.8721311092,02516
1464887394.9053580761,02517
1464887394.9388184547,02518
1464887394.9721405506,02519
1464887395.0074369907,02520
1464887395.0389635563,02521
1464887395.0722973347,02522
1464887395.1055467129,02523
1464887395.1389822960,02524
1464887395.1749563217,02525
1464887395.2055730820,02526
1464887395.2391648293,02527
1464887395.2722222805,02528
1464887395.3055875301,02529
1464887395.3451957703,02530
1464887395.3722922802,02531
1464887395.4056663513,02532
1464887395.4390077591,02533
1464887395.4723551273,02534
1464887395.5076801777,02535
1464887395.5391118526,02536
1464887395.5724239349,02537
1464887395.6063139439,02538
1464887395.6391308308,02539
1464887395.6723740101,02540
1464887395.7057518959,02541
1464887395.7389762402,02542
1464887395.7723770142,02543
1464887395.8057754040,02544
1464887395.8413500786,02545
1464887395.8725526333,02546
1464887395.9058637619,02547
1464887395.9391436577,02548
1464887395.9725270271,02549
1464887396.0084738731,02550
1464887396.0390861034,02551
1464887396.0725235939,02552
1464887396.1058592796,02553
1464887396.1392192841,02554
1464887396.1754617691,02555
1464887396.2058796883,02556
1464887396.2391934395,02557
1464887396.2725920677,02558
1464887396.3063192368,02559
1464887396.3415615559,02560
1464887396.3726561069,02561
1464887396.4059813023,02562
1464887396.4393289089,02563
1464887396.4726531506,02564
1464887396.5087087154,02565
1464887396.5392911434,02566
1464887396.5726799965,02567
1464887396.6064453125,02568
1464887396.6393301487,02569
1464887396.6749672890,02570
1464887396.7059772015,02571
1464887396.7391719818,02572
1464887396.7726600170,02573
1464887396.8061156273,02574
1464887396.8410422802,02575
1464887396.8735976219,02576
1464887396.9061732292,02577
1464887396.9392743111,02578
1464887396.9759736061,02579
1464887397.0236287117,02580
1464887397.0394148827,02581
1464887397.0726597309,02582
1464887397.1060750484,02583
1464887397.1398804188,02584
1464887397.1759133339,02585
1464887397.2062771320,02586
1464887397.2393894196,02587
1464887397.2728693485,02588
1464887397.3062510490,02589
1464887397.3414571285,02590
1464887397.3728992939,02591
1464887397.4062614441,02592
1464887397.4398293495,02593
1464887397.4728989601,02594
1464887397.5090050697,02595
1464887397.5395691395,02596
1464887397.5730216503,02597
1464887397.6064095497,02598
1464887397.6395733356,02599
1464887397.6763503551,02600
1464887397.7063972950,02601
1464887397.7395241261,02602
1464887397.7750740051,02603
1464887397.8075714111,02604
1464887397.8417005539,02605
1464887397.8729405403,02606
1464887397.9064161777,02607
1464887397.9405493736,02608
1464887397.9730784893,02609
1464887398.0090384483,02610
1464887398.0397317410,02611
1464887398.0731532574,02612
1464887398.1072299480,02613
1464887398.1397600174,02614
1464887398.1757130623,02615
1464887398.2065157890,02616
1464887398.2402610779,02617
1464887398.2731389999,02618
1464887398.3069052696,02619
1464887398.3425247669,02620
1464887398.3731689453,02621
1464887398.4065964222,02622
1464887398.4398183823,02623
1464887398.4733991623,02624
1464887398.5065345764,02625
1464887398.5396866798,02626
1464887398.5731022358,02627
1464887398.6065168381,02628
1464887398.6398897171,02629
1464887398.6732704639,02630
1464887398.7076075077,02631
1464887398.7399635315,02632
1464887398.7732417583,02633
1464887398.8068518639,02634
1464887398.8445115089,02635
1464887398.8734228611,02636
1464887398.9067654610,02637
1464887398.9400715828,02638
1464887398.9733605385,02639
1464887399.0096197128,02640
1464887399.0400769711,02641
1464887399.0733900070,02642
1464887399.1067931652,02643
1464887399.1401166916,02644
1464887399.1761550903,02645
1464887399.2068464756,02646
1464887399.2401080132,02647
1464887399.2734315395,02648
1464887399.3078866005,02649
1464887399.3428416252,02650
1464887399.3735468388,02651
1464887399.4068827629,02652
1464887399.4402456284,02653
1464887399.4735810757,02654
1464887399.5097606182,02655
1464887399.5402207375,02656
1464887399.5735564232,02657
1464887399.6098213196,02658
1464887399.6402909756,02659
1464887399.6763033867,02660
1464887399.7069349289,02661
1464887399.7402927876,02662
1464887399.7734546661,02663
1464887399.8068494797,02664
1464887399.8421337605,02665
1464887399.8736183643,02666
1464887399.9081969261,02667
1464887399.9404029846,02668
1464887399.9736750126,02669
1464887400.0098748207,02670
1464887400.0408997536,02671
1464887400.0737411976,02672
1464887400.1071076393,02673
1464887400.1404178143,02674
1464887400.1764826775,02675
1464887400.2071261406,02676
1464887400.2404534817,02677
1464887400.2737834454,02678
1464887400.3073971272,02679
1464887400.3429250717,02680
1464887400.3744888306,02681
1464887400.4070167542,02682
1464887400.4405879974,02683
1464887400.4738614559,02684
1464887400.5095493793,02685
1464887400.5405707359,02686
1464887400.5738604069,02687
1464887400.6072096825,02688
1464887400.6405887604,02689
1464887400.6739788055,02690
1464887400.7072839737,02691
1464887400.7405879498,02692
1464887400.7742292881,02693
1464887400.8077518940,02694
1464887400.8406071663,02695
1464887400.8739676476,02696
1464887400.9073004723,02697
1464887400.9406375885,02698
1464887400.9739692211,02699
1464887401.0096304417,02700
1464887401.0406236649,02701
1464887401.0740175247,02702
1464887401.1073560715,02703
1464887401.1406934261,02704
1464887401.1762056351,02705
1464887401.2073757648,02706
1464887401.2407150269,02707
1464887401.2740700245,02708
1464887401.3072881699,02709
1464887401.3444187641,02710
1464887401.3740928173,02711
1464887401.4074409008,02712
1464887401.4407682419,02713
1464887401.4741377831,02714
1464887401.5074799061,02715
1464887401.5412716866,02716
1464887401.5742173195,02717
1464887401.6075463295,02718
1464887401.6408741474,02719
1464887401.6744987965,02720
1464887401.7075364590,02721
1464887401.7409098148,02722
1464887401.7742481232,02723
1464887401.8075299263,02724
1464887401.8414416313,02725
1464887401.8741312027,02726
1464887401.9075970650,02727
1464887401.9409375191,02728
1464887401.9743299484,02729
1464887402.0099701881,02730
1464887402.0409879684,02731
1464887402.0743532181,02732
1464887402.1076631546,02733
1464887402.1409959793,02734
1464887402.1743681431,02735
1464887402.2076740265,02736
1464887402.2409965992,02737
1464887402.2744102478,02738
1464887402.3075318336,02739
1464887402.3433213234,02740
1464887402.3744101524,02741
1464887402.4077372551,02742
1464887402.4410605431,02743
1464887402.4744191170,02744
1464887402.5102901459,02745
1464887402.5410950184,02746
1464887402.5747847557,02747
1464887402.6081328392,02748
1464887402.6411523819,02749
1464887402.6767132282,02750
1464887402.7077896595,02751
1464887402.7414643764,02752
1464887402.7745339870,02753
1464887402.8079919815,02754
1464887402.8414609432,02755
1464887402.8747103214,02756
1464887402.9077882767,02757
1464887402.9412083626,02758
1464887402.9773051739,02759
1464887403.0108003616,02760
1464887403.0412185192,02761
1464887403.0751273632,02762
1464887403.1079940796,02763
1464887403.1413114071,02764
1464887403.1776194572,02765
1464887403.2079493999,02766
1464887403.2413334846,02767
1464887403.2751641273,02768
1464887403.3078956604,02769
1464887403.3434808254,02770
1464887403.3747448921,02771
1464887403.4080097675,02772
1464887403.4414062500,02773
1464887403.4747688770,02774
1464887403.5104062557,02775
1464887403.5414381027,02776
1464887403.5748441219,02777
1464887403.6081855297,02778
1464887403.6414530277,02779
1464887403.6775228977,02780
1464887403.7081186771,02781
1464887403.7414903641,02782
1464887403.7749161720,02783
1464887403.8080744743,02784
1464887403.8443841934,02785
1464887403.8749523163,02786
1464887403.9080915451,02787
1464887403.9415762424,02788
1464887403.9750101566,02789
1464887404.0106647015,02790
1464887404.0415244102,02791
1464887404.0749375820,02792
1464887404.1082701683,02793
1464887404.1415863037,02794
1464887404.1780679226,02795
1464887404.2083015442,02796
1464887404.2415935993,02797
1464887404.2776906490,02798
1464887404.3090977669,02799
1464887404.3417146206,02800
1464887404.3753013611,02801
1464887404.4083311558,02802
1464887404.4417271614,02803
1464887404.4754090309,02804
1464887404.5111322403,02805
1464887404.5417017937,02806
1464887404.5753114223,02807
1464887404.6084136963,02808
1464887404.6417751312,02809
1464887404.6780025959,02810
1464887404.7085206509,02811
1464887404.7427408695,02812
1464887404.7754719257,02813
1464887404.8083109856,02814
1464887404.8445913792,02815
1464887404.8756175041,02816
1464887404.9085347652,02817
1464887404.9418590069,02818
1464887404.9752404690,02819
1464887405.0117113590,02820
1464887405.0419318676,02821
1464887405.0752348900,02822
1464887405.1086938381,02823
1464887405.1419274807,02824
1464887405.1779766083,02825
1464887405.2086095810,02826
1464887405.2419779301,02827
1464887405.2752969265,02828
1464887405.3086020947,02829
1464887405.3445563316,02830
1464887405.3753547668,02831
1464887405.4086320400,02832
1464887405.4420225620,02833
1464887405.4753501415,02834
1464887405.5115585327,02835
1464887405.5420782566,02836
1464887405.5754356384,02837
1464887405.6087276936,02838
1464887405.6421000957,02839
1464887405.6795094013,02840
1464887405.7087206841,02841
1464887405.7422029972,02842
1464887405.7754814625,02843
1464887405.8086631298,02844
1464887405.8423013687,02845
1464887405.8753869534,02846
1464887405.9089672565,02847
1464887405.9421420097,02848
1464887405.9754517078,02849
1464887406.0112023354,02850
1464887406.0421319008,02851
1464887406.0755052567,02852
1464887406.1088480949,02853
1464887406.1422770023,02854
1464887406.1781027317,02855
1464887406.2089700699,02856
1464887406.2422866821,02857
1464887406.2756028175,02858
1464887406.3088459969,02859
1464887406.3448653221,02860
1464887406.3755872250,02861
1464887406.4089241028,02862
1464887406.4423470497,02863
1464887406.4756402969,02864
1464887406.5114030838,02865
1464887406.5442259312,02866
1464887406.5757143497,02867
1464887406.6089291573,02868
1464887406.6423375607,02869
1464887406.6782150269,02870
1464887406.7090547085,02871
1464887406.7427067757,02872
1464887406.7758438587,02873
1464887406.8090548515,02874
1464887406.8450236320,02875
1464887406.8757097721,02876
1464887406.9091291428,02877
1464887406.9425201416,02878
1464887406.9763896465,02879
1464887407.0091512203,02880
1464887407.0428998470,02881
1464887407.0757710934,02882
1464887407.1093416214,02883
1464887407.1425366402,02884
1464887407.1784749031,02885
1464887407.2091562748,02886
1464887407.2430043221,02887
1464887407.2758493423,02888
1464887407.3090445995,02889
1464887407.3455727100,02890
1464887407.3759050369,02891
1464887407.4092805386,02892
1464887407.4436178207,02893
1464887407.4759340286,02894
1464887407.5118887424,02895
1464887407.5432605743,02896
1464887407.5759758949,02897
1464887407.6092598438,02898
1464887407.6426434517,02899
1464887407.6760246754,02900
1464887407.7112369537,02901
1464887407.7426970005,02902
1464887407.7760131359,02903
1464887407.8093938828,02904
1464887407.8427231312,02905
1464887407.8761317730,02906
1464887407.9093418121,02907
1464887407.9427855015,02908
1464887407.9761545658,02909
1464887408.0124070644,02910
1464887408.0427587032,02911
1464887408.0761067867,02912
1464887408.1094422340,02913
1464887408.1427674294,02914
1464887408.1788511276,02915
1464887408.2122750282,02916
1464887408.2430675030,02917
1464887408.2765867710,02918
1464887408.3097815514,02919
1464887408.3451821804,02920
1464887408.3762202263,02921
1464887408.4095461369,02922
1464887408.4429590702,02923
1464887408.4762763977,02924
1464887408.5095915794,02925
1464887408.5437247753,02926
1464887408.5762040615,02927
1464887408.6099183559,02928
1464887408.6430184841,02929
1464887408.6763386726,02930
1464887408.7096416950,02931
1464887408.7430002689,02932
1464887408.7772092819,02933
1464887408.8096799850,02934
1464887408.8431684971,02935
1464887408.8764107227,02936
1464887408.9097130299,02937
1464887408.9430358410,02938
1464887408.9763662815,02939
1464887409.0097346306,02940
1464887409.0430381298,02941
1464887409.0764420033,02942
1464887409.1100018024,02943
1464887409.1432917118,02944
1464887409.1764264107,02945
1464887409.2098410130,02946
1464887409.2450444698,02947
1464887409.2764232159,02948
1464887409.3098924160,02949
1464887409.3431069851,02950
1464887409.3765628338,02951
1464887409.4100718498,02952
1464887409.4431800842,02953
1464887409.4765617847,02954
1464887409.5127499104,02955
1464887409.5432500839,02956
1464887409.5766081810,02957
1464887409.6099359989,02958
1464887409.6432926655,02959
1464887409.6797397137,02960
1464887409.7099373341,02961
1464887409.7433226109,02962
1464887409.7766625881,02963
1464887409.8100428581,02964
1464887409.8431377411,02965
1464887409.8766748905,02966
1464887409.9110813141,02967
1464887409.9434278011,02968
1464887409.9767925739,02969
1464887410.0099539757,02970
1464887410.0439105034,02971
1464887410.0767674446,02972
1464887410.1100387573,02973
1464887410.1433777809,02974
1464887410.1767075062,02975
1464887410.2100496292,02976
1464887410.2439815998,02977
1464887410.2767970562,02978
1464887410.3101108074,02979
1464887410.3434498310,02980
1464887410.3768312931,02981
1464887410.4101948738,02982
1464887410.4435029030,02983
1464887410.4768304825,02984
1464887410.5101985931,02985
1464887410.5435640812,02986
1464887410.5774095058,02987
1464887410.6103689671,02988
1464887410.6436355114,02989
1464887410.6791572571,02990
1464887410.7103233337,02991
1464887410.7435429096,02992
1464887410.7768659592,02993
1464887410.8102731705,02994
1464887410.8452415466,02995
1464887410.8768074512,02996
1464887410.9102880955,02997
1464887410.9436151981,02998
1464887410.9769587517,02999
